##TITLE= Parameter file, TopSpin 3.5.b.100 pl 8
##JCAMPDX= 5.0
##DATATYPE= Parameter Values
##NPOINTS= 1	$$ modification sequence number
##ORIGIN= Bruker BioSpin GmbH
##OWNER= chenggp
$$ 2018-04-07 12:30:08.868 -0400  chenggp@14t.nmr.mgh.harvard.edu
$$ /opt/topspin3.5.b.100pl8/conf/instr/spect/preemp/B3221_0168/default
$$ process /opt/topspin3.5.b.100pl8/prog/mod/setpreserver
##$B0BASE= (0..5)
1 1 1 1 1 1
##$B0CC= 1000000
##$B0COMPST= no
##$B0GAIN= (0..5)
0 0 0 -10 -10 -10
##$B0TIME= (0..5)
0 0 0 0 0 0
##$BCOFFSET= 0
##$BOFFSET= 0
##$BXBASE= (0..5)
1 1 1 1 1 1
##$BXGAIN= (0..5)
0 0 0 0 0 0
##$BXTIME= (0..5)
0 0 0 0 0 0
##$BYBASE= (0..5)
1 1 1 1 1 1
##$BYGAIN= (0..5)
0 0 0 0 0 0
##$BYTIME= (0..5)
0 0 0 0 0 0
##$BZBASE= (0..5)
1 1 1 1 1 1
##$BZGAIN= (0..5)
0 0 0 0 0 0
##$BZTIME= (0..5)
0 0 0 0 0 0
##$CHANIN= (0..37)
0 0 0 0 0 0 0 0 0 0 0 0 0 0 0 0 0 0 0 0 0 0 0 0 0 0 0 0 0 0 0 0 0 0 0 0
0 0
##$CHANOUT= (0..37)
0 0 0 0 0 0 0 0 0 0 0 0 0 0 0 0 0 0 0 0 0 0 0 0 0 0 0 0 0 0 0 0 0 0 0 0
0 0
##$COILDEL= 0
##$CompDelX= 0
##$CompDelY= 0
##$CompDelZ= 0
##$DITHST= yes
##$FILTERS= (0..531)
0 0 0 0 0 0 0 0 0 0 0 0 0 0 0 0 0 0 0 0 0 0 0 0 0 0 0 0 0 0 0 0 0 0 0 0
0 0 0 0 0 0 0 0 0 0 0 0 0 0 0 0 0 0 0 0 0 0 0 0 0 0 0 0 0 0 0 0 0 0 0 0
0 0 0 0 0 0 0 0 0 0 0 0 0 0 0 0 0 0 0 0 0 0 0 0 0 0 0 0 0 0 0 0 0 0 0 0
0 0 0 0 0 0 0 0 0 0 0 0 0 0 0 0 0 0 0 0 0 0 0 0 0 0 0 0 0 0 0 0 0 0 0 0
0 0 0 0 0 0 0 0 0 0 0 0 0 0 0 0 0 0 0 0 0 0 0 0 0 0 0 0 0 0 0 0 0 0 0 0
0 0 0 0 0 0 0 0 0 0 0 0 0 0 0 0 0 0 0 0 0 0 0 0 0 0 0 0 0 0 0 0 0 0 0 0
0 0 0 0 0 0 0 0 0 0 0 0 0 0 0 0 0 0 0 0 0 0 0 0 0 0 0 0 0 0 0 0 0 0 0 0
0 0 0 0 0 0 0 0 0 0 0 0 0 0 0 0 0 0 0 0 0 0 0 0 0 0 0 0 0 0 0 0 0 0 0 0
0 0 0 0 0 0 0 0 0 0 0 0 0 0 0 0 0 0 0 0 0 0 0 0 0 0 0 0 0 0 0 0 0 0 0 0
0 0 0 0 0 0 0 0 0 0 0 0 0 0 0 0 0 0 0 0 0 0 0 0 0 0 0 0 0 0 0 0 0 0 0 0
0 0 0 0 0 0 0 0 0 0 0 0 0 0 0 0 0 0 0 0 0 0 0 0 0 0 0 0 0 0 0 0 0 0 0 0
0 0 0 0 0 0 0 0 0 0 0 0 0 0 0 0 0 0 0 0 0 0 0 0 0 0 0 0 0 0 0 0 0 0 0 0
0 0 0 0 0 0 0 0 0 0 0 0 0 0 0 0 0 0 0 0 0 0 0 0 0 0 0 0 0 0 0 0 0 0 0 0
0 0 0 0 0 0 0 0 0 0 0 0 0 0 0 0 0 0 0 0 0 0 0 0 0 0 0 0 0 0 0 0 0 0 0 0
0 0 0 0 0 0 0 0 0 0 0 0 0 0 0 0 0 0 0 0 0 0 0 0 0 0 0 0
##$GRADCC= 7535952
##$GRADRES= 8
##$IMPLOAD= 1
##$ORDER= (0..37)
0 0 0 0 0 0 0 0 0 0 0 0 0 0 0 0 0 0 0 0 0 0 0 0 0 0 0 0 0 0 0 0 0 0 0 0
0 0
##$PREMOD= no
##$RAMPMOD= 3
##$RAMPSLP= 0
##$RAMPSP= (0..127)
0 0 0 0 0 0 0 0 0 0 0 0 0 0 0 0 0 0 0 0 0 0 0 0 0 0 0 0 0 0 0 0 0 0 0 0
0 0 0 0 0 0 0 0 0 0 0 0 0 0 0 0 0 0 0 0 0 0 0 0 0 0 0 0 0 0 0 0 0 0 0 0
0 0 0 0 0 0 0 0 0 0 0 0 0 0 0 0 0 0 0 0 0 0 0 0 0 0 0 0 0 0 0 0 0 0 0 0
0 0 0 0 0 0 0 0 0 0 0 0 0 0 0 0 0 0 0 0
##$RAMPSPX= (0..127)
0 0 0 0 0 0 0 0 0 0 0 0 0 0 0 0 0 0 0 0 0 0 0 0 0 0 0 0 0 0 0 0 0 0 0 0
0 0 0 0 0 0 0 0 0 0 0 0 0 0 0 0 0 0 0 0 0 0 0 0 0 0 0 0 0 0 0 0 0 0 0 0
0 0 0 0 0 0 0 0 0 0 0 0 0 0 0 0 0 0 0 0 0 0 0 0 0 0 0 0 0 0 0 0 0 0 0 0
0 0 0 0 0 0 0 0 0 0 0 0 0 0 0 0 0 0 0 0
##$RAMPSPY= (0..127)
0 0 0 0 0 0 0 0 0 0 0 0 0 0 0 0 0 0 0 0 0 0 0 0 0 0 0 0 0 0 0 0 0 0 0 0
0 0 0 0 0 0 0 0 0 0 0 0 0 0 0 0 0 0 0 0 0 0 0 0 0 0 0 0 0 0 0 0 0 0 0 0
0 0 0 0 0 0 0 0 0 0 0 0 0 0 0 0 0 0 0 0 0 0 0 0 0 0 0 0 0 0 0 0 0 0 0 0
0 0 0 0 0 0 0 0 0 0 0 0 0 0 0 0 0 0 0 0
##$RAMPSPZ= (0..127)
0 0 0 0 0 0 0 0 0 0 0 0 0 0 0 0 0 0 0 0 0 0 0 0 0 0 0 0 0 0 0 0 0 0 0 0
0 0 0 0 0 0 0 0 0 0 0 0 0 0 0 0 0 0 0 0 0 0 0 0 0 0 0 0 0 0 0 0 0 0 0 0
0 0 0 0 0 0 0 0 0 0 0 0 0 0 0 0 0 0 0 0 0 0 0 0 0 0 0 0 0 0 0 0 0 0 0 0
0 0 0 0 0 0 0 0 0 0 0 0 0 0 0 0 0 0 0 0
##$RAMPTM= 100
##$RAMPTMX= 100
##$RAMPTMY= 100
##$RAMPTMZ= 100
##$RISETM= 150
##$XAITVAL= 1
##$XBBASE= (0..5)
1 1 1 1 1 1
##$XBGAIN= (0..5)
0 0 0 0 0 0
##$XBTIME= (0..5)
0 0 0 0 0 0
##$XCAPAC= 11.8
##$XCOFFSET= 0
##$XCOILRES= 1.04
##$XFACTOR= 1
##$XGAIN= 0
##$XGBASE= (0..5)
4 3 2 1 1 1
##$XGGAIN= (0..5)
0 0 0 0 0 0
##$XGTIME= (0..5)
50 5 0 0 0 0
##$XIMAX= 60
##$XMEANPWR= 40
##$XMEANPWRIT= 40
##$XOFFSET= 0
##$XPWRSUM= 40
##$XPWRSUMIT= 40
##$XRESIST= 30
##$XUMAX= 100
##$XYBASE= (0..5)
1 1 1 1 1 1
##$XYGAIN= (0..5)
0 0 0 0 0 0
##$XYTIME= (0..5)
0 0 0 0 0 0
##$XZBASE= (0..5)
1 1 1 1 1 1
##$XZGAIN= (0..5)
0 0 0 0 0 0
##$XZTIME= (0..5)
0 0 0 0 0 0
##$YAITVAL= 1
##$YBBASE= (0..5)
1 1 1 1 1 1
##$YBGAIN= (0..5)
0 0 0 0 0 0
##$YBTIME= (0..5)
0 0 0 0 0 0
##$YCAPAC= 11.8
##$YCOFFSET= 0
##$YCOILRES= 1.04
##$YFACTOR= 1
##$YGAIN= 0
##$YGBASE= (0..5)
4 3 2 1 1 1
##$YGGAIN= (0..5)
0 0 0 0 0 0
##$YGTIME= (0..5)
50 5 0 0 0 0
##$YIMAX= 60
##$YMEANPWR= 40
##$YMEANPWRIT= 40
##$YOFFSET= 0
##$YPWRSUM= 40
##$YPWRSUMIT= 40
##$YRESIST= 30
##$YUMAX= 100
##$YXBASE= (0..5)
1 1 1 1 1 1
##$YXGAIN= (0..5)
0 0 0 0 0 0
##$YXTIME= (0..5)
0 0 0 0 0 0
##$YZBASE= (0..5)
1 1 1 1 1 1
##$YZGAIN= (0..5)
0 0 0 0 0 0
##$YZTIME= (0..5)
0 0 0 0 0 0
##$ZAITVAL= 1
##$ZBBASE= (0..5)
1 1 1 1 1 1
##$ZBGAIN= (0..5)
0 0 0 0 0 0
##$ZBTIME= (0..5)
0 0 0 0 0 0
##$ZCAPAC= 11.8
##$ZCOFFSET= 0
##$ZCOILRES= 1.04
##$ZFACTOR= 1
##$ZGAIN= 0
##$ZGBASE= (0..5)
1 1 3 0 0 0
##$ZGGAIN= (0..5)
0 0 0 0 0 0
##$ZGTIME= (0..5)
0.0199999994947575 0.0999999974737875 9.99999977648258 0 0 0
##$ZIMAX= 60
##$ZMEANPWR= 40
##$ZMEANPWRIT= 40
##$ZOFFSET= 0
##$ZPWRSUM= 40
##$ZPWRSUMIT= 40
##$ZRESIST= 30
##$ZUMAX= 100
##$ZXBASE= (0..5)
1 1 1 1 1 1
##$ZXGAIN= (0..5)
0 0 0 0 0 0
##$ZXTIME= (0..5)
0 0 0 0 0 0
##$ZYBASE= (0..5)
1 1 1 1 1 1
##$ZYGAIN= (0..5)
0 0 0 0 0 0
##$ZYTIME= (0..5)
0 0 0 0 0 0
##END=
